{"nbformat":4,"nbformat_minor":0,"metadata":{"colab":{"provenance":[]},"kernelspec":{"name":"python3","display_name":"Python 3"},"language_info":{"name":"python"}},"cells":[{"cell_type":"markdown","source":["# Kofaktor"],"metadata":{"id":"HXlVUJYCShcu"}},{"cell_type":"markdown","source":["# Tugas Kofaktor matrix ordo 5x5\n","Matrix yang akan saya buat adalah matrix dengan ordo 5x5\n","\n","ialah sebagai berikut\n","$$\n","A=\\begin{bmatrix}\n","1 &2&1&1&1\\\\\n","2&1&3&1&1\\\\\n","3&2&3&2&2 \\\\\n","4&1&1&4&3\\\\\n","3&5&1&2&2\n","\\end{bmatrix}\n","$$\n","Matrix ini akan saya jadikan invers, hal pertama yang akan cari adalah determinannya terlebih dahulu\n","\n","Rumus Kofaktor=\n","$$\n","C_{ij} = (-1)^{i+j} * detA\n","$$\n","\n","rumus det (pick one row or column) =\n","$$\n","a_{ij} * c_{ij} + a_{ij} * c_{ij} + a_{ij} * c_{ij} + a_{nn} * c_{nn}$$\n","\n","rumus invers matrix =\n","$${ \\frac{1}{detA}} * adj(a)$$\n","\n","Mencari Adjoin =\n","$$adj(A) = (kof(A))^T$$\n","\n","(adj(S) = Transpose dari setiap cofator-cofator Matrix)"],"metadata":{"id":"cwygkqD73Ub4"}},{"cell_type":"code","execution_count":null,"metadata":{"colab":{"base_uri":"https://localhost:8080/"},"id":"L5XaBj0h3R7U","outputId":"2f5b91a1-d5cc-416b-cfab-5da0f19ff5e2"},"outputs":[{"output_type":"stream","name":"stdout","text":["Matrix A: \n","[[1 2 1 1 1]\n"," [2 1 3 1 1]\n"," [3 2 3 2 2]\n"," [4 1 1 4 3]\n"," [3 5 1 2 2]]\n","pembuktian Determinan= -5.000000000000011\n","pembuktian Invers = \n","[[-1.8  0.2  0.2 -0.   0.6]\n"," [ 0.4  0.4 -0.6 -0.   0.2]\n"," [ 0.6  0.6 -0.4 -0.  -0.2]\n"," [ 2.   3.  -4.   1.  -0. ]\n"," [-0.6 -4.6  5.4 -1.  -0.8]]\n","\n","==================================================\n","det A = -5.000000000000031\n","det A = -4.9999999999999964\n","det A = -1.0\n","det A = -5.0\n","det A = -4.999999999999998\n","\n","Marix dengan anggota kofaktor-kofaktornya = \n","[[ 9.00000000e+00 -2.00000000e+00 -3.00000000e+00 -1.00000000e+01\n","   3.00000000e+00]\n"," [-1.00000000e+00 -2.00000000e+00 -3.00000000e+00 -1.50000000e+01\n","   2.30000000e+01]\n"," [ 7.00000000e+00  3.00000000e+00 -2.00000000e+00  4.00000000e+00\n","  -1.50000000e+01]\n"," [-0.00000000e+00  0.00000000e+00 -0.00000000e+00 -5.00000000e+00\n","   5.00000000e+00]\n"," [-3.00000000e+00 -1.00000000e+00  1.00000000e+00  3.55271368e-15\n","   4.00000000e+00]]\n","\n","Transpose Matrix dari kofaktornya = \n","[[ 9.00000000e+00 -1.00000000e+00  7.00000000e+00 -0.00000000e+00\n","  -3.00000000e+00]\n"," [-2.00000000e+00 -2.00000000e+00  3.00000000e+00  0.00000000e+00\n","  -1.00000000e+00]\n"," [-3.00000000e+00 -3.00000000e+00 -2.00000000e+00 -0.00000000e+00\n","   1.00000000e+00]\n"," [-1.00000000e+01 -1.50000000e+01  4.00000000e+00 -5.00000000e+00\n","   3.55271368e-15]\n"," [ 3.00000000e+00  2.30000000e+01 -1.50000000e+01  5.00000000e+00\n","   4.00000000e+00]]\n","\n","Hasil Invers Matrix adalah = \n","[[-1.8  0.2 -1.4  0.   0.6]\n"," [ 0.4  0.4 -0.6 -0.   0.2]\n"," [ 0.6  0.6  0.4  0.  -0.2]\n"," [ 2.   3.  -0.8  1.  -0. ]\n"," [-0.6 -4.6  3.  -1.  -0.8]]\n"]}],"source":["import numpy as np\n","\n","matrix_A = np.array([[1,2,1,1,1],[2,1,3,1,1],[3,2,3,2,2],[4,1,1,4,3],[3,5,1,2,2]])\n","print(f\"Matrix A: \\n{matrix_A}\")\n","det_Mat_A = np.linalg.det(matrix_A)\n","inv_Mat_A = np.linalg.inv(matrix_A)\n","print(f\"pembuktian Determinan= {det_Mat_A}\")\n","print(f\"pembuktian Invers = \\n{inv_Mat_A.round(1)}\")\n","print()\n","print(\"=\"*50)\n","# kita mencari determinannya terlebih dahulu dengan Pick setiap row\n","\n","A11 = np.array([[1,3,1,1],[2,3,2,2],[1,1,4,3],[5,1,2,2]])\n","A12 = np.array([[2,3,1,1],[3,3,2,2],[4,1,4,3],[3,1,2,2]])\n","A13 = np.array([[2,1,1,1],[3,2,2,2],[4,1,4,3],[3,5,2,2]])\n","A14 = np.array([[2,1,3,1],[3,2,3,2],[4,1,1,3],[3,5,1,2]])\n","A15 = np.array([[2,1,3,1],[3,2,3,2],[4,1,1,4],[3,5,1,2]])\n","A21 = np.array([[2,1,1,1],[2,3,2,2],[1,1,4,3],[5,1,2,2]])\n","A22 = np.array([[1,1,1,1],[3,3,2,2],[4,1,4,3],[3,1,2,2]])\n","A23 = np.array([[1,2,1,1],[3,2,2,2],[4,1,4,3],[3,5,2,2]])\n","A24 = np.array([[1,2,1,1],[3,2,3,2],[4,1,1,3],[3,5,1,2]])\n","A25 = np.array([[1,2,1,1],[3,2,3,2],[4,1,1,4],[3,5,1,2]])\n","A31 = np.array([[2,1,1,1],[1,3,1,1],[1,1,4,3],[1,1,2,2]])\n","A32 = np.array([[1,1,1,1],[2,3,1,1],[4,1,4,3],[3,1,2,2]])\n","A33 = np.array([[1,2,1,1],[2,1,1,1],[4,1,4,3],[3,1,2,2]])\n","A34 = np.array([[1,2,1,1],[2,1,3,1],[4,1,1,3],[3,1,1,2]])\n","A35 = np.array([[1,2,1,1],[2,1,3,1],[4,1,1,4],[3,1,1,2]])\n","A41 = np.array([[2,1,1,1],[1,3,1,1],[2,3,2,2],[5,1,2,2]])\n","A42 = np.array([[1,1,1,1],[2,3,1,1],[3,3,2,2],[3,1,2,2]])\n","A43 = np.array([[1,2,1,1],[2,1,1,1],[3,2,2,2],[3,5,2,2]])\n","A44 = np.array([[1,2,1,1],[2,1,3,1],[3,2,3,2],[3,5,1,2]])\n","A45 = np.array([[1,2,1,1],[2,1,3,1],[3,2,3,2],[3,5,1,2]])\n","A51 = np.array([[2,1,1,1],[1,3,1,1],[2,3,2,2],[1,1,4,3]])\n","A52 = np.array([[1,1,1,1],[2,3,1,1],[3,3,2,2],[4,1,4,3]])\n","A53 = np.array([[1,2,1,1],[2,1,1,1],[3,2,2,2],[4,1,4,3]])\n","A54 = np.array([[1,2,1,1],[2,1,3,1],[3,2,3,2],[4,1,1,3]])\n","A55 = np.array([[1,2,1,1],[2,1,3,1],[3,2,3,2],[4,1,1,4]])\n","\n","det_11 = np.linalg.det(A11)\n","det_12 = np.linalg.det(A12)\n","det_13 = np.linalg.det(A13)\n","det_14 = np.linalg.det(A14)\n","det_15 = np.linalg.det(A15)\n","det_21 = np.linalg.det(A21)\n","det_22 = np.linalg.det(A22)\n","det_23 = np.linalg.det(A23)\n","det_24 = np.linalg.det(A24)\n","det_25 = np.linalg.det(A25)\n","det_31 = np.linalg.det(A31)\n","det_32 = np.linalg.det(A32)\n","det_33 = np.linalg.det(A33)\n","det_34 = np.linalg.det(A34)\n","det_35 = np.linalg.det(A35)\n","det_41 = np.linalg.det(A41)\n","det_42 = np.linalg.det(A42)\n","det_43 = np.linalg.det(A43)\n","det_44 = np.linalg.det(A44)\n","det_45 = np.linalg.det(A45)\n","det_51 = np.linalg.det(A51)\n","det_52 = np.linalg.det(A52)\n","det_53 = np.linalg.det(A53)\n","det_54 = np.linalg.det(A54)\n","det_55 = np.linalg.det(A55)\n","\n","c11 = (-1)**(1+1) * det_11\n","c12 = (-1)**(1+2) * det_12\n","c13 = (-1)**(1+3) * det_13\n","c14 = (-1)**(1+4) * det_14\n","c15 = (-1)**(1+5) * det_15\n","c21 = (-1)**(2+1) * det_21\n","c22 = (-1)**(2+2) * det_22\n","c23 = (-1)**(2+3) * det_23\n","c24 = (-1)**(2+4) * det_24\n","c25 = (-1)**(2+5) * det_25\n","c31 = (-1)**(3+1) * det_31\n","c32 = (-1)**(3+2) * det_32\n","c33 = (-1)**(3+3) * det_33\n","c34 = (-1)**(3+4) * det_34\n","c35 = (-1)**(3+5) * det_35\n","c41 = (-1)**(4+1) * det_41\n","c42 = (-1)**(4+2) * det_42\n","c43 = (-1)**(4+3) * det_43\n","c44 = (-1)**(4+4) * det_44\n","c45 = (-1)**(4+5) * det_45\n","c51 = (-1)**(5+1) * det_51\n","c52 = (-1)**(5+2) * det_52\n","c53 = (-1)**(5+3) * det_53\n","c54 = (-1)**(5+4) * det_54\n","c55 = (-1)**(5+5) * det_55\n","\n","a11 = matrix_A[0][0]\n","a12 = matrix_A[0][1]\n","a13 = matrix_A[0][2]\n","a14 = matrix_A[0][3]\n","a15 = matrix_A[0][4]\n","a21 = matrix_A[1][0]\n","a22 = matrix_A[1][1]\n","a23 = matrix_A[1][2]\n","a24 = matrix_A[1][3]\n","a25 = matrix_A[1][4]\n","a31 = matrix_A[2][0]\n","a32 = matrix_A[2][1]\n","a33 = matrix_A[2][2]\n","a34 = matrix_A[2][3]\n","a35 = matrix_A[2][4]\n","a41 = matrix_A[3][0]\n","a42 = matrix_A[3][1]\n","a43 = matrix_A[3][2]\n","a44 = matrix_A[3][3]\n","a45 = matrix_A[3][4]\n","a51 = matrix_A[4][0]\n","a52 = matrix_A[4][1]\n","a53 = matrix_A[4][2]\n","a54 = matrix_A[4][3]\n","a55 = matrix_A[4][4]\n","\n","# Row 1\n","det_A_row1 = a11*c11 + a12*c12 + a13*c13 + a14*c14 + a15*c15\n","print(f\"det A = {det_A_row1}\")\n","# Row 2\n","det_A_row2 = a21*c21 + a22*c22 + a23*c23 + a24*c24 + a25*c25\n","print(f\"det A = {det_A_row2}\")\n","# Row 3\n","det_A_row3 = a31*c31 + a32*c32 + a33*c33 + a34*c34 + a35*c35\n","print(f\"det A = {det_A_row3}\")\n","# Row 4\n","det_A_row4 = a41*c41 + a42*c42 + a43*c43 + a44*c44 + a45*c45\n","print(f\"det A = {det_A_row4}\")\n","# Row 5\n","det_A_row5 = a51*c51 + a52*c52 + a53*c53 + a54*c54 + a55*c55\n","print(f\"det A = {det_A_row5}\")\n","print()\n","Kof_Matrix_A = np.array([[c11,c12,c13,c14,c15],[c21,c22,c23,c24,c25],[c31,c32,c33,c34,c35],[c41,c42,c43,c44,c45],[c51,c52,c53,c54,c55]])\n","print(f\"Marix dengan anggota kofaktor-kofaktornya = \\n{Kof_Matrix_A}\")\n","print()\n","Trans_Kof_Matrix_A = Kof_Matrix_A.transpose()\n","print(f\"Transpose Matrix dari kofaktornya = \\n{Trans_Kof_Matrix_A}\")\n","print()\n","invers_A = 1 / det_A_row1 * Trans_Kof_Matrix_A\n","print(f\"Hasil Invers Matrix adalah = \\n{invers_A.round(1)}\")"]}]}